<svg version="1.1" id="Layer_1" xmlns="http://www.w3.org/2000/svg" xmlns:xlink="http://www.w3.org/1999/xlink" x="0px" y="0px"
	 width="100%" viewBox="0 0 1024 1024" enable-background="new 0 0 1024 1024" xml:space="preserve">
<path fill="#000000" opacity="1.000000" stroke="none" 
	d="
M411.870911,583.078613 
	C417.504761,568.248535 423.073242,553.809875 428.474487,539.309021 
	C430.146149,534.821167 432.761749,531.623169 437.802826,531.757935 
	C443.139984,531.900574 445.472687,535.573120 446.840485,540.287659 
	C459.940521,585.441162 473.095184,630.578857 486.238312,675.719788 
	C486.739960,677.442749 487.283844,679.153320 488.133301,681.934631 
	C492.867249,669.622131 497.286865,658.226074 501.632599,646.801819 
	C508.731628,628.139465 515.804749,609.467102 522.836853,590.779480 
	C524.451294,586.489197 527.074768,583.789490 531.953674,583.632568 
	C537.111145,583.466736 539.827515,586.186584 541.544250,590.716492 
	C550.092590,613.273010 558.725647,635.797485 567.357178,658.322327 
	C567.990723,659.975464 568.448914,661.778259 570.401062,663.507385 
	C574.862549,654.995789 579.169189,646.811218 583.445374,638.610779 
	C586.601257,632.558899 589.601135,626.422607 592.878723,620.438110 
	C597.706299,611.623779 606.251648,611.358093 611.607971,619.748291 
	C613.937317,623.396973 616.466431,626.943054 618.488892,630.756287 
	C620.866211,635.238647 624.072021,636.833496 629.289856,636.787415 
	C659.618469,636.519714 689.950684,636.655945 720.281677,636.658386 
	C729.157959,636.659119 733.262756,639.238220 733.290100,644.817932 
	C733.317566,650.439148 728.765381,653.350159 719.915100,653.350586 
	C687.417603,653.352173 654.918884,653.200012 622.423645,653.469482 
	C615.659302,653.525574 610.842102,651.615784 607.677124,645.563416 
	C606.468323,643.251892 604.746460,641.208679 603.022217,638.699585 
	C599.256836,643.151123 597.372131,648.148865 594.867432,652.750854 
	C589.374756,662.842896 584.000854,673.001465 578.724670,683.208435 
	C576.343018,687.815918 573.751404,692.474854 567.877197,692.056946 
	C562.089722,691.645264 559.894592,686.754211 558.046814,681.934937 
	C549.888977,660.658081 541.697693,639.394104 533.510559,618.128479 
	C533.163513,617.227051 532.737244,616.356079 531.974121,614.621033 
	C527.732178,625.503784 523.739441,635.644775 519.823547,645.815308 
	C512.110535,665.847900 504.359497,685.866577 496.810669,705.961060 
	C494.993073,710.799255 492.026855,713.524048 486.840332,713.282593 
	C481.651886,713.040894 478.959808,709.945190 477.528656,705.074463 
	C467.313354,670.307678 456.977814,635.576233 446.685333,600.832153 
	C443.491699,590.051514 440.312988,579.266479 436.873383,567.623352 
	C433.534393,573.175537 432.311462,578.540283 430.359467,583.574280 
	C422.480225,603.894043 414.820099,624.298645 406.982513,644.634766 
	C404.074646,652.179810 402.252777,653.340881 394.372925,653.344116 
	C362.708679,653.357300 331.044464,653.352600 299.380219,653.327637 
	C297.727478,653.326294 295.963287,653.402588 294.443878,652.880920 
	C290.432617,651.503662 288.093262,648.697998 288.383423,644.232361 
	C288.682312,639.632874 291.722687,637.573486 295.794708,636.766602 
	C297.401764,636.448242 299.117157,636.658386 300.783203,636.658142 
	C329.281006,636.654236 357.779175,636.589539 386.276245,636.733398 
	C390.059540,636.752502 392.039856,635.433167 393.331085,631.976624 
	C399.385590,615.769104 405.590149,599.617615 411.870911,583.078613 
z"/>
<path fill="#000000" opacity="1.000000" stroke="none" 
	d="
M357.346771,488.518127 
	C362.402527,487.479797 363.790344,483.793549 365.032318,479.860687 
	C376.542542,443.412689 388.105835,406.981445 399.624237,370.536011 
	C403.730194,357.544373 407.816833,344.545868 411.776917,331.509369 
	C412.855011,327.960419 414.726990,326.368317 418.588501,326.578583 
	C423.902435,326.868042 429.266418,326.957367 434.566589,326.563080 
	C439.128571,326.223755 440.991974,328.254974 442.334534,332.292297 
	C452.245422,362.096497 462.302460,391.852264 472.375244,421.602386 
	C479.141998,441.588135 486.089966,461.512909 492.768646,481.527802 
	C494.215118,485.862579 496.808502,488.021790 501.205994,488.830322 
	C505.881531,489.690002 508.232941,495.613251 505.946442,499.878784 
	C505.152130,501.360596 503.820526,501.318573 502.517639,501.320068 
	C485.862671,501.339172 469.207672,501.310455 452.552826,501.351715 
	C449.889008,501.358307 448.502197,500.417633 448.652710,497.566589 
	C448.774170,495.266785 448.677338,492.955414 448.677338,490.858704 
	C451.164490,489.188263 453.586365,489.273163 455.812500,489.044647 
	C460.365265,488.577332 461.545685,485.886658 460.455505,482.121216 
	C457.685455,472.554077 454.590027,463.081573 451.698120,453.548950 
	C450.922058,450.990906 449.186676,450.332977 446.771301,450.337006 
	C430.282867,450.364441 413.793884,450.404083 397.306274,450.281494 
	C394.356659,450.259583 393.149445,451.649475 392.425873,454.148804 
	C389.884918,462.925568 386.838623,471.586639 384.863312,480.486786 
	C383.306152,487.502869 383.895477,488.081512 390.450592,489.207794 
	C397.449677,490.410370 397.190369,490.591217 396.459259,497.544067 
	C396.127625,500.698334 394.782410,501.389282 392.019562,501.374390 
	C379.528656,501.307037 367.037018,501.374908 354.545898,501.332489 
	C352.492004,501.325500 349.532257,501.824951 349.868683,498.535675 
	C350.194366,495.351257 347.473083,490.807800 353.061615,489.408722 
	C354.347504,489.086823 355.657104,488.859650 357.346771,488.518127 
M402.222900,433.624817 
	C414.199341,433.632507 426.175781,433.655365 438.152191,433.641449 
	C444.104767,433.634552 444.420471,433.249268 442.576813,427.776123 
	C439.451538,418.498444 436.235931,409.251160 433.059113,399.990814 
	C429.098267,388.445129 425.138214,376.899139 421.055237,364.995789 
	C420.451721,365.794464 420.040253,366.125793 419.907349,366.545349 
	C413.243774,387.587219 406.606384,408.637360 399.957367,429.683868 
	C399.420746,431.382416 398.977020,433.003693 402.222900,433.624817 
z"/>
<path fill="#000000" opacity="1.000000" stroke="none" 
	d="
M327.348938,423.706360 
	C348.682220,451.540649 333.844574,492.107025 299.054260,501.166901 
	C275.227570,507.371674 251.923721,504.589386 229.206024,495.540833 
	C226.703094,494.543884 225.576355,493.142365 225.611893,490.359772 
	C225.737411,480.531891 225.651581,470.701416 225.676819,460.872009 
	C225.681549,459.037201 225.573135,457.054108 228.204697,456.795105 
	C230.445129,456.574524 232.307129,457.360931 233.069016,459.459808 
	C239.364273,476.802063 265.675140,488.567657 286.170227,483.449432 
	C297.189270,480.697693 304.267151,473.678131 306.252136,462.364960 
	C308.201416,451.255371 302.682800,443.045990 294.573334,436.426483 
	C285.803680,429.268158 274.991821,425.898224 264.818481,421.401459 
	C256.080383,417.539062 247.579453,413.175201 240.778305,406.450592 
	C227.719955,393.539185 223.807281,377.805573 228.691025,360.206207 
	C234.427567,339.533691 250.187683,330.137817 269.675079,326.034119 
	C288.129028,322.148102 306.033386,325.255890 323.362122,332.308990 
	C325.816650,333.308044 326.376129,335.006927 326.356812,337.404816 
	C326.285553,346.234070 326.356934,355.064423 326.314697,363.894073 
	C326.305511,365.813568 326.714874,368.068726 323.673004,368.322693 
	C321.203400,368.528900 319.703033,367.682709 318.628082,365.308319 
	C310.949219,348.347168 289.994080,339.930969 272.164307,346.535095 
	C255.346222,352.764496 251.182175,371.115601 263.656738,384.006531 
	C270.709106,391.294342 280.004120,394.704315 288.997314,398.600922 
	C303.121826,404.720856 316.912140,411.318512 327.348938,423.706360 
z"/>
<path fill="#000000" opacity="1.000000" stroke="none" 
	d="
M620.545105,389.571899 
	C621.935486,405.217255 621.106628,420.535217 621.303101,435.843262 
	C621.326782,437.691345 620.789978,439.170044 618.581055,439.240234 
	C615.919189,439.324799 612.975403,439.789642 611.833862,436.474548 
	C610.917786,433.814392 610.223206,431.055542 609.693359,428.290100 
	C608.881531,424.053436 606.155823,421.979858 602.176331,421.464844 
	C592.086975,420.159149 581.935669,420.292053 571.788025,420.357880 
	C569.241455,420.374420 568.189880,421.465057 568.201477,423.971588 
	C568.287964,442.632263 568.258911,461.293823 568.437561,479.953461 
	C568.486267,485.045044 570.914612,488.452728 576.492188,488.818817 
	C577.808228,488.905182 579.126038,489.611816 580.403992,489.515381 
	C584.896240,489.176422 585.752808,491.658905 585.412415,495.385834 
	C585.262390,497.028778 585.387146,498.696808 585.387146,500.167999 
	C583.866455,501.826874 582.096069,501.321930 580.500610,501.325134 
	C561.839478,501.362610 543.178284,501.348816 524.517090,501.357758 
	C521.469971,501.359222 518.345825,501.773712 518.610474,496.999878 
	C518.821045,493.200256 517.841492,488.873474 523.765442,488.961823 
	C531.305237,489.074249 534.588806,486.578949 534.612427,476.365906 
	C534.709167,434.545013 534.661560,392.723816 534.661987,350.902710 
	C534.662109,342.720215 533.293579,341.244598 524.984253,340.385864 
	C519.425903,339.811462 516.565369,334.464478 518.930603,329.239441 
	C519.763611,327.399231 521.334290,327.674194 522.751282,327.649780 
	C527.082031,327.575134 531.414856,327.624298 535.746887,327.620850 
	C567.570618,327.595673 599.394470,327.611237 631.217712,327.475922 
	C634.243896,327.463043 635.401489,328.251282 635.363403,331.346375 
	C635.238403,341.508545 635.319397,351.673126 635.285522,361.836670 
	C635.278931,363.817200 635.500854,366.150482 632.577454,366.250397 
	C630.020386,366.337830 627.094299,367.201080 625.561096,363.993744 
	C625.275146,363.395508 625.003052,362.775085 624.841309,362.135406 
	C620.747131,345.946167 616.266052,346.971802 603.301208,345.583313 
	C593.417236,344.524780 583.329590,345.363159 573.332581,345.366180 
	C569.593628,345.367310 567.279358,346.859283 567.354431,350.982391 
	C567.657532,367.619446 567.960571,384.256622 568.187012,400.894806 
	C568.225037,403.687225 569.423889,404.704681 572.145264,404.682037 
	C581.808472,404.601624 591.472900,404.690704 601.136292,404.625732 
	C605.841187,404.594086 609.157532,402.687561 609.823975,397.563416 
	C609.929626,396.751221 610.344360,395.984283 610.542297,395.178253 
	C612.239746,388.266632 612.834900,387.896210 620.545105,389.571899 
z"/>
<path fill="#000000" opacity="1.000000" stroke="none" 
	d="
M752.000122,327.599731 
	C765.294067,327.599731 778.088013,327.599731 791.773376,327.599731 
	C791.773376,339.583466 791.798096,351.181641 791.749817,362.779541 
	C791.741455,364.787659 790.995972,366.392639 788.533752,366.313477 
	C785.955322,366.230560 782.972656,367.098022 781.800598,363.611938 
	C781.005676,361.247742 780.379211,358.827087 779.594238,356.459290 
	C777.540161,350.263214 773.149353,347.118103 766.729004,346.313904 
	C759.601929,345.421265 752.464233,345.363403 745.303589,345.294434 
	C741.107117,345.254028 739.283081,346.711700 739.300842,351.110657 
	C739.470703,393.264862 739.471191,435.419769 739.630859,477.574066 
	C739.665161,486.640320 741.833496,488.594086 751.683411,489.606995 
	C756.578857,490.110382 759.300720,495.400421 757.037659,499.884338 
	C756.260925,501.423248 754.912292,501.313995 753.624390,501.315369 
	C733.961853,501.336273 714.299194,501.294739 694.636902,501.361237 
	C691.561523,501.371643 690.428467,500.029205 690.664429,497.130188 
	C690.850281,494.845459 690.202393,492.469635 691.460815,490.121643 
	C693.176025,489.791229 694.952454,489.439911 696.732483,489.107666 
	C705.134155,487.539398 706.613159,485.820648 706.615784,477.105164 
	C706.628418,435.447021 706.608215,393.788879 706.588074,352.130737 
	C706.587036,349.988647 706.746094,347.805817 705.573181,345.434448 
	C696.358521,345.395081 687.084473,344.792908 677.864197,346.562225 
	C669.596619,348.148682 666.372375,354.293121 664.203430,361.458038 
	C663.423889,364.033020 662.710327,366.340637 659.059509,366.465057 
	C654.611328,366.616669 652.729248,365.348877 652.875183,360.594482 
	C653.166504,351.105225 653.013977,341.600739 652.953491,332.103149 
	C652.933167,328.904114 653.757507,327.396362 657.521790,327.419220 
	C688.847107,327.609283 720.173828,327.569824 752.000122,327.599731 
z"/>
</svg>